1 2
2 3
3 8
4 11
5 22
6 55
7 121
8 252
9 505
10 1001
11 2002
12 4004
13 8118
14 16361
15 32723
16 65456
17 130031
18 261162
19 523325
20 1048401
21 2096902
22 4193914
23 8387838
24 16766761
25 33544533
26 67100176
27 134212431
28 268434862
29 536868635
30 1073663701
31 2147447412
32 4294884924
33 8589889858
34 17179797171
35 34359695343
36 68719391786
37 137438834731
38 274877778472
39 549755557945
40 1099511159901
41 2199023209912
42 4398046408934
43 8796092906978
44 17592177129571
45 35184366348153
46 70368733786307
47 140737484737041
48 281474969474182
49 562949949949265
50 1125899889985211
51 2251799779971522
52 4503599559953054
53 9007199229917009
54 18014398489341081
55 36028796969782063
56 72057593939575027
57 144115187781511441
58 288230375573032882
59 576460752257064675